ITER= 1587
AOA= 0.204051689462385
SIDESLIP_ANGLE= 0
DCD_DCL_VALUE= 0.00195403829321338
DCMZ_DCL_VALUE= -0.0182645883786199
INITIAL_BCTHRUST= 4000
