ITER= 10007
AOA= 1.95354624188548
SIDESLIP_ANGLE= 0
DCD_DCL_VALUE= -0.00935338088883728
DCMZ_DCL_VALUE= 0.0261786039850969
INITIAL_BCTHRUST= 4000
