ITER= 10000
AOA= 1.7424117645198
SIDESLIP_ANGLE= 0
DCD_DCL_VALUE= 0.063943035942273
DCMZ_DCL_VALUE= 0.0150232630258773
INITIAL_BCTHRUST= 4000
